epochs: 200
patience: 100
batch: 16
model_type: yolov9c.pt
imgsz: 1024
optimizer: RAdam
lr0: 0.001294723079942415
lrf: 0.005179474679231213
degrees: 2.2222222222222223
translate: 0.17777777777777778
fliplr: 0.5
mixup: 0.2
close_mosaic: 35
